Line positions

1:  75, 444	116,584
2:  111,426	130,583
3:  161,423	194,581
4:  201,415	210,580
5:  271,415	374,578
6:  304,395	388,577
7:  339,384	401,577
8:  373,374	415,577
9:  409,372	429,577
10: 447,376	445,577
11: 489,354	498,486
12: 529,344	512,487
13: 564,342	526,488
14: 601,341	540,489
15: 638,343	554,491
16: 397,719	487,558
17: 434,723	502,557
18: 478,725	516,559
19: 513,724	529,560
20: 550,726	542,560
21: 683,333	632,498
22: 723,330	643,499
23: 764,327	670,501
24: 809,324	694,506
25: 865,323	706,507
26: 589,725	613,565
27: 623,730	626,567
28: 659,731	651,571
29: 696,732	677,575
30: 735,735	689,576
35: 403,277	441,233
36: 448,279	454,233
37: 495,269	470,233
38: 419,93 	443,167